0.000000 5.000000 0.000000
1.000000 4.000000 1.000000
2.000000 3.000000 2.000000
3.000000 4.000000 2.000000
4.000000 3.000000 4.000000
5.000000 5.000000 4.000000
6.000000 4.000000 6.000000
7.000000 3.000000 7.000000
8.000000 3.000000 8.000000
9.000000 2.000000 9.000000
10.000000 4.000000 9.000000
11.000000 5.000000 9.000000
12.000000 7.000000 9.000000
13.000000 5.000000 13.000000
14.000000 9.000000 14.000000
15.000000 5.000000 19.000000
16.000000 6.000000 21.000000
17.000000 8.000000 24.000000
18.000000 8.000000 27.000000
19.000000 12.000000 28.000000
20.000000 12.000000 31.000000
21.000000 13.000000 32.000000
22.000000 13.000000 36.000000
23.000000 12.000000 40.000000
24.000000 13.000000 44.000000
25.000000 17.000000 47.000000
26.000000 15.000000 53.000000
27.000000 16.000000 55.000000
28.000000 20.000000 59.000000
29.000000 21.000000 66.000000
30.000000 25.000000 71.000000
31.000000 26.000000 80.000000
32.000000 29.000000 84.000000
33.000000 34.000000 91.000000
34.000000 37.000000 99.000000
35.000000 39.000000 110.000000
36.000000 39.000000 117.000000
37.000000 53.000000 124.000000
38.000000 57.000000 131.000000
39.000000 53.000000 146.000000
40.000000 48.000000 160.000000
41.000000 40.000000 174.000000
42.000000 41.000000 182.000000
43.000000 34.000000 201.000000
44.000000 39.000000 203.000000
45.000000 37.000000 213.000000
46.000000 40.000000 225.000000
47.000000 53.000000 233.000000
48.000000 56.000000 245.000000
49.000000 58.000000 261.000000
50.000000 58.000000 279.000000
51.000000 62.000000 289.000000
52.000000 66.000000 302.000000
53.000000 76.000000 314.000000
54.000000 73.000000 336.000000
55.000000 82.000000 352.000000
56.000000 91.000000 383.000000
57.000000 85.000000 405.000000
58.000000 96.000000 425.000000
59.000000 85.000000 460.000000
60.000000 95.000000 473.000000
61.000000 109.000000 494.000000
62.000000 110.000000 513.000000
63.000000 119.000000 534.000000
64.000000 128.000000 562.000000
65.000000 139.000000 590.000000
66.000000 157.000000 629.000000
67.000000 146.000000 672.000000
68.000000 163.000000 709.000000
69.000000 174.000000 756.000000
70.000000 202.000000 808.000000
71.000000 198.000000 863.000000
72.000000 193.000000 915.000000
73.000000 195.000000 933.000000
74.000000 215.000000 974.000000
75.000000 218.000000 1031.000000
76.000000 231.000000 1089.000000
77.000000 250.000000 1149.000000
78.000000 228.000000 1226.000000
79.000000 231.000000 1302.000000
80.000000 238.000000 1365.000000
81.000000 227.000000 1403.000000
82.000000 225.000000 1476.000000
83.000000 239.000000 1547.000000
84.000000 238.000000 1619.000000
85.000000 252.000000 1686.000000
86.000000 253.000000 1721.000000
87.000000 259.000000 1793.000000
88.000000 269.000000 1872.000000
89.000000 272.000000 1946.000000
90.000000 279.000000 1978.000000
91.000000 274.000000 2060.000000
92.000000 278.000000 2133.000000
93.000000 293.000000 2205.000000
94.000000 296.000000 2242.000000
95.000000 293.000000 2326.000000
96.000000 291.000000 2414.000000
97.000000 280.000000 2470.000000
98.000000 283.000000 2539.000000
99.000000 271.000000 2631.000000
100.000000 265.000000 2713.000000
101.000000 257.000000 2802.000000
102.000000 262.000000 2834.000000
103.000000 268.000000 2918.000000
104.000000 270.000000 2988.000000
105.000000 279.000000 3023.000000
106.000000 290.000000 3100.000000
107.000000 285.000000 3168.000000
108.000000 280.000000 3221.000000
109.000000 274.000000 3289.000000
110.000000 276.000000 3382.000000
111.000000 268.000000 3472.000000
112.000000 256.000000 3522.000000
113.000000 267.000000 3579.000000
114.000000 257.000000 3659.000000
115.000000 255.000000 3699.000000
116.000000 248.000000 3782.000000
117.000000 235.000000 3829.000000
118.000000 225.000000 3904.000000
119.000000 208.000000 3973.000000
120.000000 210.000000 4006.000000
121.000000 196.000000 4072.000000
122.000000 183.000000 4126.000000
123.000000 170.000000 4158.000000
124.000000 147.000000 4222.000000
125.000000 142.000000 4244.000000
126.000000 130.000000 4297.000000
127.000000 113.000000 4344.000000
128.000000 105.000000 4365.000000
129.000000 94.000000 4400.000000
130.000000 101.000000 4427.000000
131.000000 95.000000 4445.000000
132.000000 84.000000 4478.000000
133.000000 79.000000 4500.000000
134.000000 75.000000 4532.000000
135.000000 75.000000 4544.000000
136.000000 77.000000 4568.000000
137.000000 70.000000 4589.000000
138.000000 64.000000 4601.000000
139.000000 64.000000 4620.000000
140.000000 59.000000 4632.000000
141.000000 56.000000 4650.000000
142.000000 51.000000 4666.000000
143.000000 59.000000 4672.000000
144.000000 49.000000 4689.000000
145.000000 42.000000 4705.000000
146.000000 48.000000 4708.000000
147.000000 53.000000 4712.000000
148.000000 52.000000 4729.000000
149.000000 38.000000 4751.000000
150.000000 38.000000 4761.000000
151.000000 35.000000 4777.000000
152.000000 31.000000 4785.000000
153.000000 38.000000 4788.000000
154.000000 37.000000 4804.000000
155.000000 33.000000 4810.000000
156.000000 30.000000 4819.000000
157.000000 24.000000 4829.000000
158.000000 22.000000 4835.000000
159.000000 18.000000 4842.000000
160.000000 17.000000 4851.000000
161.000000 16.000000 4852.000000
162.000000 18.000000 4854.000000
163.000000 17.000000 4856.000000
164.000000 20.000000 4859.000000
165.000000 20.000000 4863.000000
166.000000 21.000000 4866.000000
167.000000 24.000000 4869.000000
168.000000 24.000000 4877.000000
169.000000 18.000000 4886.000000
170.000000 16.000000 4890.000000
171.000000 15.000000 4892.000000
172.000000 12.000000 4896.000000
173.000000 12.000000 4899.000000
174.000000 12.000000 4903.000000
175.000000 11.000000 4905.000000
176.000000 12.000000 4906.000000
177.000000 11.000000 4910.000000
178.000000 11.000000 4912.000000
179.000000 13.000000 4917.000000
180.000000 11.000000 4922.000000
181.000000 9.000000 4926.000000
182.000000 6.000000 4929.000000
183.000000 6.000000 4929.000000
184.000000 9.000000 4930.000000
185.000000 9.000000 4932.000000
186.000000 7.000000 4934.000000
187.000000 7.000000 4936.000000
188.000000 7.000000 4937.000000
189.000000 7.000000 4941.000000
190.000000 5.000000 4944.000000
191.000000 5.000000 4944.000000
192.000000 7.000000 4944.000000
193.000000 6.000000 4945.000000
194.000000 6.000000 4946.000000
195.000000 6.000000 4946.000000
196.000000 4.000000 4948.000000
197.000000 3.000000 4949.000000
198.000000 2.000000 4951.000000
199.000000 2.000000 4951.000000
200.000000 3.000000 4951.000000
